10008
10038
10039
10046
10047
10048
10055
10064
1007
10080
10083
10091
10126
10127
10131
10134
1013
10145
1015
10162
10168
10174
10185
10208
1021
10239
10247
10269
10271
10285
10308
10312
10341
10347
10354
10387B
10405
10437
10450
10498
10509
10522
10527
10533
10548
10559
10565
10567
10575
1057
10593
10617
10623
10634
10732
10749
10753B
10765
10793
10816
10819
10870
10879
10893
10895
10898
10912
10930
10933
10935
10952
1095
10964
1096
10988
11006
11016
1105
11077
11127
11130
11140
1114
11213
1121
11263
11301
11313
11374
11376
11395
11412
11417
11419
11426
11479
1149
11551B
11609
11637
11678
11772
11799
11807
11811
11931
1200
12012B
12023
12027
12036
12054
12055
12055B
12076
12117B
12118
12122
12127
12141
12144
12145
12161
12170
12181
12188
12202
12224
12258
1230
12321
12345
12355
12360B
12378
12380
12388
12396
12403
12407
1240
12424
12425
12441B
1244
12461
12475
12505
12534
12538
12572
12610
12637
12650
12654B
12662
12695
12757
12767
12780
12784
12798
12818
12823
12829
12831
12835
12844
12846
12851
12856
12887B
12888
12898
12924
13015
13054
13055
13058
13062
13082
13110
13140
13175
13180
13181
13209
13216
13220
13222
13250
13270
13302
13338
13352
13372
1337
13418
13522
13565
13617
13630
13659
1366
13753
13810
13835
13850B
13867
13894
13898B
13898C
13939
13948
14064
14076
14116
14262
14270
14322
14397
1450
14516
14531
14552
14594
14645
14650
14681
14761
14795
14798
14813
14834
14853
14855
14952
14959
14967
1496
15001
15037
15037B
15052
1506
15143
15170
15176
15177
15194
15238
15238B
15275
1528
15310
15340
15395
15406C
15464
15484
15531
15590
15596
15618
15629
1562
15693
15697
15726
15765
15810
15840
15864
15871
15928
1592
15933
15997
1604
16085
16097
16125
16131
16134
16136
16162
16201
16231
16296
1629
16323
16329
16352
16356B
16418
16481
16490
16535
16590
16623
16631
16657
16685
16696B
16735B
16736
16764
16777
16792
16818
16837
1685
16898
16933
16949
1695
16977
16978
1702
17126
17179
17184
17191
17232
17270
17295
17370
17387
17398
17431
17480
17516
17516B
17633
17649
17658B
17681B
17694
1770
17767B
17796
17860
17899
1791
17955
17978
17980
18000
18027
18051
18052
18061
18083
18087
180
1812
18150
18192
18205
18227
1822
18247
1824
18263
18304
18329
18343
18377
18396
18410
18436
18447
1846
18475B
18479
1847
18494
18536
18570E
18603
18604
18618
18651
18661
18708
18746
18747
18757
18771
18785
18804
18828
18850
18864B
18865
18867
18870
18871
18924
18926
18955
18984
18988
18992
1932
1934
1951
19593
19594
1959
19606
1960
19628
1964
19674
19689
19713
19719
19724
19789
1979
1980
19844
1984
19869
19897
1989
19908B
1992
19986B
20006
20041
20087
2012
20161
20161B
2018
20190
20211
20215
20277
2027
2028
20350
2048
20500
2058
2059
2061
2062
2063B
2064
20675
20723
2076
20807
20932
2097
2109
2110
2142
2180
2181
2193
2198
2199
2206
2216
2234
2246
2272
227
2280
2288
2290
2293
2304
2328
2359
2372
2380
2389
2390
2395
2402
2417C
2428
2430
2449
2472
2474
248
2509
2596B
2599
2609
2638
2644
2654
2666
2690
2692
2732
2734
2739
2749
2765
2766
2768
2820
2859
2875
2888
2896
2901
2923
294
2958
2978
301
3068
3131
3149
3193
3213
3237
3275
3288
3312
3320
3324
3346
3375
3441
3442
3519
3520
3572B
3574
3595
3617
3648
366
3724
3726
3763
3771
3808
3813
3818B
3923
3926
3969
3994
4016
4024
4039
407
4096
4106
4160
4160B
4172B
4207
4214C
4254
4265
4306
4344
4377
4449
444
4457
4487
4501
4535
4544
4563
4577
4653
4654
4677
4684
4711
4736
4753
4772
4775
4813
4823
4862
4876B
4881
4911
4913
4914
4935
4937
4957
4969
497
5012
5019
506
506B
5089
5103
5158
518
5257
5285
5314
5325
538
53
5403
5458
545
547
5511B
5525
5536
5558
5561
5570B
5589
5602B
5614
5615
5617
5622
5627
5632
5646
5649
564
5661
5672
5673
5686
5695
5704
5710
5717
5718
5722
5739
5740
5746
5750
5755
5761
5762
5772
5784
5786
5790
5791
5792
5800
5818
5831
5832
5839
583
5842
5883
5895
5925B
5928
5940
5956
5957
5971B
6013
6051
6059
6063
6121
6143B
6152
6172
6188
6196
6206
6218
6224
6230
6260
6272
6332
6336
6339
6347
6368
6385
6430
6446
6457
6485
648
6523
6533
6540
6549
6562
6629
664
674
6803B
6894
6913
6927
6928
6970
699
7071
7089
7123
7132
7162
720
7230
7248
7250
7252B
7275
7282
7306
7312
7315
7373
7386
7391
7400
7402
741
7431
7446
7451
7513
7595
759
7620B
7739B
7774
7783
7808
781
783
7857
795
8073
810
8111
8126
8136
8137
8186
8195
8205
8256
82
8304
8315
8320
8330
8333
8384
8398
8413
8485
8494
8525
8539
8559
8573
8599
8601
8607
8613
8621
8674
8678
8694
8704
871
8727
8857
8857B
8864
8879
8902B
8925
8938
8947B
9043
9047B
9053
9080
9102
9137
9210
9225
9249
9249B
9250
9271
9291B
9300
9318
9346
9347
9364
9380
9419
9457
9461
9499
9506
9541
9570
9580
9600
9662
9699
9715
9719
9721
9751
9758
9767
9777
9789
9800
9819
9844
9849
9883C
9919
9938B
9951
9978
9990000
9990039
9990041
9990045
9990054
9990062
9990082
9990088
9990091
9990099
9990101
9990120
9990126
9990127
9990131
9990136
9990137
9990153
9990159
9990164
9990166
9990177
9990179B
9990180
9990197
9990216
9990220
9990243
9990253
9990255
9990260
9990270
9990275
9990284
9990287
9990294
9990295
9990300
9990309
9990311
9990317
9990320
9990324
9990332
9990347
9990348
9990351
9990358
9990363
9990368
9990376
9990389
9990390
9990394
9990407
9990412
9990417
9990418
9990421
9990422
9990424
9990425
9990430
9990431
9990481
9990483
9990488
9990489
9990491
9990496
9990513
9990517
9990531
9990547
9990549
9990559
9990564
9990567
9990571
9990581
9990585
9990587
9990589
9990592
9990594
9990607
9990608
9990612
9990617
9990672
9990674
9990678
9990679
9990682
9990684
9990694
9990696
9990698
9990699
9990700
9990716
9990723
9990727
9990735
9990739
9990743
9990750
9990755
9990756
9990759
9990762
9990771
9990779
9990781
9990789
9990803
9990808
9990815
9990864
9990865
9990867
9990873
9990877
9990879
9990888
9990890
9990897
9990904
9990911
9990917
9990921
9990924
9990926
9990930
9990931
9990936
9990944
9990946
9990949
9990971
9990987
9990992
9991003
9991006
9991007
9991057
9991060
9991061
9991075
9991087
9991090
9991098
9991111
9991118
9991119
9991120
9991121
9991126
9991129
9991137
9991144
9991145
9991156
9991161
9991179
9991195
9991251
9991256
9991262
9991264
9991267
9991269
9991278
9991280
9991282
9991283
9991288
9991295
9991310
9991314
9991318
9991320
9991321
9991324
9991329
9991334
9991342
9991351
9991354
9991357
9991358
9991369
9991373
9991374
9991375
9991377
9991390
9991448
9991452
9991454
9991456
9991460
9991465
9991466
9991467
9991487
9991492
9991495
9991498
9991499
9991503
9991509
9991511
9991513
9991522
9991529
9991563
9991566
9991578
9991635
9991636
9991637
9991638
9991639
9991648
9991652
9991653
9991655
9991656
9991657
9991658
9991663
9991666
9991668
9991673
9991683
9991684
9991687
9991705
9991707
9991712
9991723
9991731
9991738
9991740
9991741
9991748
9991752
9991757
9991762
9991763
9991767
9991772
9991825
9991831
9991838
9991843
9991844
9991848
9991868
9991877
9991881
9991890
9991900
9991901
9991907
9991915
9991917
9991919
9991929
9991937
9991938
9991941
9991944
9991951
9991954
9991959
9991962
9991966
9992112
9992113
9992114
9992116
9992118
9992120
9992123
9992146
9992152
9992158
9992159
9992304
9992331
9992347
9992503
9992504
9992512
9992515
9992691
9992696
9992697
9992705
9992719
9992721
9992731
9992735
9992887
9992888
9992889
9992892
9992894
9992902
9992915
9992917
9992919
9992925
9993075
9993078
9993086
9993102
9993104
9993112
9993114
9993265
9993267
9993269
9993286
9993290
9993307
H2O
